[ 0]
   58   15    0    0    0    0    0    0    0    0
    0   19   27    5   14   95    0   12    0    0
    0   29   27    9    0   70    3   15    1    0
    0   19   27    9   15   97    0    1    0    0
    0   26   24    8   13  127    2    3   -1    0
[ 1]
   58   15    0    0    0    0    0    0    0    0
   17   24   31   10   12  101    2    1    0    1
    6   23   28    0    5   97    1   10    2    1
   16   23   31   10   12   75    1    1   -1    1
   13   28   31    7   13  127    1    1    0    1
[ 2]
   58   15    2    6 2800   36    0    1    0    0
    6   24   31   12   14   96    1    2    1    0
   12   22   31   13   12  103    1   10    1    0
    6   24   31   12   14   85    1    2    0    0
   18   27   31    8   15  127    1    2    1    0
[ 3]
   58   15    0    0    0    0    0    0    0    0
    3   27   28    8   14   94    2    1    2    0
    4   22   30   13   15   56    3   12    0    0
    3   27   28    9   15   82    2    4   -1    0
    5   28   31   10    5  127    3    1    0    0
[ 4]
   32   15    0    0    0    0    0    0    0    0
    0   24   24    6   13   99    3    6    3    0
    0   25   25    6   14   69    3    5    3    0
    0   22   25    6   14  105    2    0    3    0
    0   25   23    6    0  127    2    1    3    0
[ 5]
   61   15    2    1 2800    8    0    5    0    0
    0   13   31    0   13   85    3    5    3    0
    0   27   31    0   15  110    0    8   -1    0
    0   16   31    0   15  100    0    2   -2    0
    0   16   31    0   15  122    0    1    3    0
[ 6]
    4   15    0    0    0    0    0    0    0    0
   11    0   31    8   15   96    2    8   -3    0
   15    0   31    8   15  100    2    4   -3    0
   13    0   31   10   15   96    2    0   -2    0
   12    0   31    7   15  127    2    0    1    0
[ 7]
   43   15    2    8 3000   45  127    1    0    0
    8   22   28    6    5   42    3    6    1    0
   10   24   31    6   10   60    3    4    0    0
   16    0   31    6   15   78    2    2    3    0
   16    0   31    5   15  127    0    2    0    0
[ 8]
   58   15    2   10 3200   20  127    1    0    0
    6   20   31    6   14   96    3    1    3    0
    3   19   19    5   10   82    3    9    3    0
    9   31   31    5   14   72    1    5    3    0
   13    0   31    4   15  120    1    4    3   15
[ 9]
   59   15    2    6 3100   40    0    1    0    0
    0    0   31    8   15   60    1    1    0    0
   12   20   31    8   11   91    0    2    0    0
    0    0   31    6   15   80    1    4    0    0
   12    0   31    6   15  127    1    1    0    0
[10]
   36   15    2    1 2500   40  127    1    0    0
    1    7   12   13    4  110    1   11    3    4
    4   12   21   12    7  100    3    9    1    0
    2   19   20   10    0   82    2    5    0    0
    1   26   21   11    0  127    2    1    0   15
[11]
   58   15    0    0    0    0    0    0    0    0
    0   19   27    5   14   95    0   12    0    0
    0   29   27    9    0   70    3   15    1    0
    0   19   27    9   15   97    0    1    0    0
    0   26   24    8   13  127    2    3   -1    0
[12]
   60   15    2    6 2600    6  100    1    0    0
    8   11   31   11    8   94    0    9   -3    6
    6   23   28   10    0   92    0   11    2    4
    6   11   31   11    8  102    3    7   -2    4
    0   28   26   10    0  127    1    4    0   15
[13]
   60   15    2    0    0    0    0    0    0    0
    0   31   23   15   11   93    3    1   -3    0
    6   24   24    8   12  117    2    1    1    0
    0   31   23   15   11   95    3    3    2    0
    6   24   25    8   12  127    2    1   -2    0
[14]
    7   15    3    1 13500  -98  127    2    0    0
    1   15   27    8    5  127    0   15    3    0
   11   11   11    8   15  127    0   15   -3    0
   21   11   11    8   15  127    0   15   -3    0
   29   11   17    8   15  127    0   15    3    2
[15]
   62   15    0    1  300 -127    0    8    0    0
   24   21   29   11   15   90    1   15    0    0
   24   21   29   11   15   85    1    1    0    0
   24   19   29   12   15  107    1    0    0    0
   21   19   29   12   15  127    1    3    0    0
[16]
   54   15    0    1 1000  -98   10    6    0    0
   27   29   29    8   15  112    0   15    3    0
   25   23   28    8   15  127    0    3   -3    0
   17   17   26    8   15  102    0    5   -3    0
   21   27   21    7   14  112    0   15    3    2
[17]
   58   15    2    1   45   90    0    9    0    0
   19   26   30   10   10  113    1    0    0    0
   15   27   30   10   13  107    1    0    3    0
    2   25   26   10   13  121    2    0    3    0
   22   27    0    7    5  127    2    4    3    0
[18]
   35   15    0    1 16000 -127    0    7    0    0
    0    5   26    4   15   78    0   15    3    0
    0    5   22    4   15   83    0   15   -3    0
    0   14   30    8    5  110    0   15   -3    0
    0   19   30    7    0  127    2    6    3    0
[19]
    4   15    2    1 5000   30    0    8    0    0
   13   29   31    8   15   97    2    8   -3    0
   13   29   31    8   15  117    2    4   -3    0
   13   29   31   10   15   90    2    0   -2    0
   13   29   31    9   15  127    2    0    1    0
[20]
    7    1    0    0    0    0    0    0    0    0
    0   31   31    0   14  127    0    1    0    0
    0   31   31    0   14  127    0    2    0    0
    0   31   31    0   14  127    0    3    0    0
    0   31   31    0   14  127    0    4    0    0
[21]
   58   15    2    6 3000   30    0    1    0    0
   18   25   29    7   14  102    2    2    0    0
   16   23   31    7   14   97    1    6    2    0
   10   24   31    7   13   85    0    2    0    0
   13   27   31    7   13  127    1    2    1    0
[22]
   58   15    0    0    0    0    0    0    0    0
   17   24   31   10   12  101    2    1    0    1
    6   23   28    0    5   97    1   10    2    1
   16   23   31   10   12   75    1    1   -1    1
   13   28   31    7   13  127    1    1    0    1
[23]
   58   15    2    6 3000   30    3    1    0    0
   19   18   31   12   14  104    2    2    0    0
   19   18   31    5    0   87    2   14    0    0
   19   18   31   12   14   89    2    2    0    0
   12   28   31    5   15  127    1    2    0    0
[24]
   58   15    2    8 3000   40    3    1    0    0
   11   21   31   10   14   99    1    1    1    0
    6   21   31    7   10   97    1    7    1    0
   11   18   31    9   13   87    1    1    0    0
   17   27   31    9   15  127    1    1    1    0
[25]
   58   15    2    6 2800   36    0    1    0    0
    6   24   31   12   14   96    1    2    1    0
   12   22   31   13   12  103    1   10    1    0
    6   24   31   12   14   85    1    2    0    0
   18   27   31    8   15  127    1    2    1    0
[26]
   20   15    0    0    0    0    0    0    0    0
    5   16   31    9   13  102    2    1    1    0
    7   19   26    7   13  117    2    1    2    0
    5   24   28    9   11   70    3   10    0    0
    7   19   26    7   13  127    3    1    1    0
[27]
   28   15    2    1  100    0  127    0    0    0
    0   16   23    5    7   92    2   15    3    0
    4   24   21    9    7  100    3    1    0    3
    1   25   20    9    0   85    2    1    0    1
    1   25   31    8    0  127    1    1    0   15
[28]
   58   15    0    0    0    0    0    0    0    0
    3   27   28    8   14   94    2    1    2    0
    4   22   30   13   15   56    3   12    0    0
    3   27   28    9   15   82    2    4   -1    0
    5   28   31   10    5  127    3    1    0    0
[29]
   57   15    2   20  120   10    5    2    0    0
    0   22   27    8    0   87    3    2    3    1
    0   25   27    4    0  101    3    3    3    1
    0   25   27    4    0   87    3    3    3    1
    0   19   28    4   15  127    2    1    3   10
[30]
   32   15    0    0    0    0    0    0    0    0
    0   24   24    6   13   99    3    6    3    0
    0   25   25    6   14   69    3    5    3    0
    0   22   25    6   14  105    2    0    3    0
    0   25   23    6    0  127    2    1    3    0
[31]
   48   15    0    0    0    0    0    0    0    0
    1   17   25    9    4  104    2    0    3    0
    7   21   25    9    4   59    3    0    3    0
    3   27   25    9    4  104    3    0    3    0
    3   26   28    9    4  127    3    0    3    0
[32]
   61   15    2    1 2800    8    0    5    0    0
    0   13   31    0   13   85    3    5    3    0
    0   27   31    0   15  110    0    8   -1    0
    0   16   31    0   15  100    0    2   -2    0
    0   16   31    0   15  122    0    1    3    0
[33]
   31   15    2    1 3200   20    0    1    0    0
    3   13   31    0    0  115    0    6   -2    0
    0   16   31    0   15  117    2    1    3    0
    0   16   31    0   15  117    0    3   -3    0
    0   16   31    0   15  127    0    2    2    0
[34]
    4   15    0    0    0    0    0    0    0    0
   11    0   31    8   15   96    2    8   -3    0
   15    0   31    8   15  100    2    4   -3    0
   13    0   31   10   15   96    2    0   -2    0
   12    0   31    7   15  127    2    0    1    0
[35]
   28   15    2    0    0    0    0    0    0    0
   13   21   29    8   11   89    2    4    1    0
   13   27   31    7   15   97    0    2    1    0
    1   25   29    6   14   89    1   12    0    0
    6   26   31    6   15  127    1    6    0    0
[36]
   43   15    2    8 3000   45  127    1    0    0
    8   22   28    6    5   42    3    6    1    0
   10   24   31    6   10   60    3    4    0    0
   16    0   31    6   15   78    2    2    3    0
   16    0   31    5   15  127    0    2    0    0
[37]
   62   15    2   20  180    6  127    3    0    0
    6   21   16    6   10   87    2    8    0    0
   13   25   31    6    0  119    2    8    0    0
   11   20   31    6   14   97    0    8    0    0
   12   20   31    6   14  127    0    8    0   15
[38]
   58   15    2   10 3200   20  127    1    0    0
    6   20   31    6   14   96    3    1    3    0
    3   19   19    5   10   82    3    9    3    0
    9   31   31    5   14   72    1    5    3    0
   13    0   31    4   15  120    1    4    3   15
[39]
   59   15    2    6 3100   40    0    1    0    0
    0    0   31    8   15   60    1    1    0    0
   12   20   31    8   11   91    0    2    0    0
    0    0   31    6   15   80    1    4    0    0
   12    0   31    6   15  127    1    1    0    0
[40]
   28   15    2    1 2800   20    4    2    0    0
    0   17   31    0    0   94    3   11    3    0
    1   22   24    9   14  117    3    1    0    0
    0   15   26   15    5  104    1    7    0    0
    1   24   27    8   14  127    3    1    3   15
[41]
   36   15    2    1 2500   40  127    1    0    0
    1    7   12   13    4  110    1   11    3    4
    4   12   21   12    7  100    3    9    1    0
    2   19   20   10    0   82    2    5    0    0
    1   26   21   11    0  127    2    1    0   15
[42]
   60   15    2    1  100    4  127    1    0    0
    6    9   21    7    1  102    1    3    7    2
    0   18   20    7    0  109    1    1    2    2
    6   12   20    7    1  100    1    3    3    2
    6   18   19    7    0  127    1    1    3    2
[43]
   56   15    5    4 2000  -19    0    2    0    0
    5   23   26    8   13   97    3    3    3    0
    2   26   27   11   14   97    3    4    3    0
    3   27   29    9   12   97    3    1    3    0
    0   21   28   10   14  127    3    1    3    0
[44]
    2   15    2   25 3000   10    0    1    0    0
    0   25   25   14   15   99    2    7    3    0
    0   25   25   14   15   58    2    9    3    0
    0   19   25   14   15   98    2    1    2    0
    0   19   25   10   15  122    2    1    3    0
[45]
   59   15    2    0    0    0    0    0    0    0
    0   27   27    8    0   94    3   12    3    0
    0   26   27    8   15   93    0    9    3    0
    0   27   27    8   14  120    0    0    3    0
    0   30   29    3    5  119    3    1    3    0
[46]
   58   15    0    0    0    0    0    0    0    0
    0   19   27    5   14   95    0   12    0    0
    0   29   27    9    0   70    3   15    1    0
    0   19   27    9   15   97    0    1    0    0
    0   26   24    8   13  127    2    3   -1    0
[47]
   60   15    2    6 2600    6  100    1    0    0
    8   11   31   11    8   94    0    9   -3    6
    6   23   28   10    0   92    0   11    2    4
    6   11   31   11    8  102    3    7   -2    4
    0   28   26   10    0  127    1    4    0   15
[48]
   57   15    0    0    0    0    0    0    0    0
    0   19   31   11    0   97    1    2    0    0
    0   18   25   10   14   89    1    1    0    0
    0   25   26   10   14   82    0    2    0    0
    0   19   24   11   14  127    2    1    0    0
[49]
   60   15    2   10 2800   20  127    1    0    0
   16   20   28    7   14  100    0    1    3    0
   12   28   25    3   15  127    0    1    0    0
    0   21   25   10    0   87    0   11    3    2
    0   21   27   10    0  124    0    7    3   15
[50]
   56   15    2    1 2800   20  127    1    0    0
   11   26   31    6    6   82    0   12   -3    0
   11    0   31    6   15   92    0   10    0    5
   15    0   31    6   15   94    0    2    1    1
   17   23   31    6   14  122    0    4    0   15
[51]
    4   15    0    0    0    0    0    0    0    0
    9   26   25   10    9   92    1    3   -3    0
    6   29   25    9   14  117    2    3    0    0
   11   24   25   10    9   99    1    8    3    0
    6   19   25    9    9  127    2    3    3    0
[52]
   58   15    2    6  300   10   30    1    0    0
    6   12   31   11   10  102    2    0   -3    1
    2   18   24   10   13  118    2    0   -2    2
    0   26   26   10   12   98    3    0    2    1
    0   26   31    9    0  127    0    0    0   10
[53]
   60   15    0    0    0    0    0    0    0    0
   18    0   29    7   15  117    1    5    3    0
   18    0   29    7   15  106    3    9    3    0
   19   30   30    9   10   86    0    4    3    0
   11   30   30    7   14  127    0    0    3    0
[54]
   62   15    1    1 2000  127    0    8    0    0
   16    0   29   10   15   86    0    2    0    0
   16    0   29   10   15  104    0    2    0    0
   16    0   29   10   15  104    0    2    0    0
   22    0   29   10   15  127    0    1    0    0
[55]
   62   15    2    1 5000  127    3    6    0    0
    0   21   16    5   10   78    3    8    3    2
   11   25   31    5    0   90    3    2    3    2
    0   20   16    5   14   44    3    2    3    2
   10   20   22    4   14  127    0    2    3    2
[56]
   60   15    4    1 10000   40    0    6    0    0
   13   19   21    8    0   94    3   15    3   15
    6   16   20    8    0  105    3    1    2   15
    4   17   20    8    1   97    3    7    3   15
    1   21   30    8   12  127    3    1    3   15
[57]
   52   15    2   10 2800   30    0    1    0    0
   15   30   31    7   14   97    0    1    0    0
   15   29   31    7   14  127    0    1    0    0
   15   30   31    7   14   96    0    1    0    0
   15   29   31    7   14  119    0    1    0    0
[58]
   60   15    0    0    0    0    0    0    0    0
    0    0   31    7   15  115    3   15    0    0
    0   16   14    3   13  112    0    2    0    0
    0    7   31    7    4  108    0    0    0    0
    0   12   15    3   13  127    0    1    0    0
[59]
   56   15    5    6   50  -20    0   15    0    0
    0   12   18    3   10  120    3    9    0    0
    0   12   18    3   10  127    3    7    0    0
    8   12   16    3   10   90    0    0    0    0
    8    0   16    4   15  127    0    1    0    0
[60]
   52   15    0    0    0    0    0    0    0    0
    0   30   31   10   13  114    0    0    0    0
    0   18   16    5    0  107    0   14    0    0
    0    9   24    7    9   98    0    0   -3    0
    0   11   11    7    0  127    1    1    1    0
[61]
   52   15    0    0    0    0    0    0    0    0
    1   12    1    7    2  104    0    7    0    0
    0   17    3    4   14  117    0    5    0    0
    0   12   18    3   11  105    3   14   -3    0
    0   16   21    6   14  127    3   10    3    0
[62]
   60   15    0    0    0    0    0    0    0    0
    2   19   31    9    0  102    0    8    2    0
    2   19   31    9    0  117    0    5    3    0
    0   19   31    9    0  101    0    7    3    0
    0   19   31    9    0  107    0    5    0    0
[63]
   59   15    2    8 6000    0   60    0    0    0
    3   14   20    8   13  122    3    6    3   10
    0   12   31    8    8   92    0    7    0    5
    3   12   20    8    0  110    3   15   -3    0
    0   18   20    9    0  127    0    4    0   15
[64]
   58   15    2    8 3200   36    0    1    0    0
   12   21   31    8   14   99    1    1    1    0
   12   15   31    5   12   97    1    7    3    0
   14   15   31    7   14   87    1    0    2    0
   20    0   31    7   15  127    1    0    1    0
[65]
   58   15    2   10 3000   40    0    1    0    0
   17   27   31    8   13   96    0    0    1    0
   16   27   31    8   12   84    0    0   -3    0
   16   23   31    8   12   96    0    0    3    0
   14   31   19    7   12  127    0    1    0    0
[66]
   58   15    2   12 3200   34    0    1    0    0
   18   25   29    7   14   87    2    2    0    0
   16   23   31    7   14   87    1    3    2    0
   10   24   31    7   13   85    0    2   -2    0
   13   27   31    7   13  127    1    2    1    0
[67]
   58   15    2    1 2600   20    0    1    0    0
    5   22   24   11    0   94    3    1   -3    0
    4   28   31   11    0   76    2    5    2    0
    3   28   31   11    0   84    3    3    0    0
    0   26   31    8    0  127    0    1    0    0
[68]
   60   15    2    8 2600    0   60    0    0    0
    3   26   22   11    0   91    3    1    0    0
    0   22   31    9    0  127    0    1    0    0
   12   20   31    6   14   92    1    2    2   10
   16    0   31    4   15  127    0    2    0   15
[69]
   59   15    4    1 3000  -50    0    1    0    0
   15   23   31    9    0   79    3   11    1    0
    0   19   31    9    0   72    0    6    3    0
   13   19   31    9    0  115    0    3    3    0
    0    0   29    8   15  124    3    1    0    0
[70]
   32   15    0    0    0    0    0    0    0    0
    0   24   24    6   13  111    3    8    3    0
    0   25   25    6   14   67    3    7    3    0
   15   22   25    6   14  115    2    0    3    0
    0   25   23    6    0  127    2    1    3    0
[71]
   58   15    2    8 3200   42  127    1    0    0
   17   23   31    9    0   87    0   12    0    0
    9   23   31    9   12   77    0    8    0    0
    9   23   31    9   12   97    0    2    0    1
    2    0   31    7   15  127    0    2    0    0
[72]
   56   15    5    1 2000  -40    0    1    0    0
    0    0   31   12   15  106    0   14   -2    0
   24    0   31   11   15  114    0    3    0    0
    0   24   31   10    5   90    0   11    3    0
   22   24   31   10   10  127    0    4    0    0
[73]
   58   15    5    8  100  127  127    1    0    0
   26   26   28   12   12  102    0    0    3    5
   18    0   31   10   10  110    0    1    2    5
    6   26   20    8    8   98    0   10   -3    5
    0    0   31   11   15  127    0    0    0    0
[74]
   60   15    1    6 6300    0   80    0    0    0
    0   12   20   10    5  110    0   15    3    0
    0   12   20   10    5  127    0   14    2    0
   12   20   12    8    5   92    0   15    3   10
   12   20   12    8    5  127    0    8    0   15
[75]
   58   15    2    3 3200   50   80    1    0    0
   14    0   31    5   15   82    2    2    1    1
    0   10   31    5   11  104    3   10   -2    2
   16    0   31    5   14   78    2    1    0    4
   20    0   31    6   15  127    0    2    0    0
[76]
   42   15    0    0    0    0    0    0    0    0
    0   24   20    8    0   84    3    0    3    0
    5   26   31    8    8   86    2    0    2   10
    5   26   31    8    5   78    3    2    2   15
    3   26   31    8    8  127    0    0    0   10
[77]
   62   15    2    0 4000   40   14    1    0    0
    0   20   20   10    0   92    0   14    1    2
   16   20   20   11    0  106    0   10    3    2
   10   20   20   10    0  120    0    6    2    0
    0   20   20    9    0  127    0    4    0    0
[78]
    5   15    2    3 3200   50    0    1    0    0
    5   26   31   13   14   55    2    6    3    3
   10   28   31   12   13   90    3   15    1    5
   10   28   31   10   14   90    3    4    3    1
   20    0   31    7   15  127    0    4    3    2
[79]
    7   15    2    7 3300   50   30    1    0    0
   18    0   31    8   15  120    3    3    3    0
   20    0   31    7   15  127    2    0    3    3
   25    0   31    6   15  120    3    4    2    3
   20    0   31    4   15  127    2    2    1    0
[80]
   45   15    2    1 3000   60    0    2    0    0
   25    0   31    7   15   50    3    4    2    2
   25    0   31    5   15  115    2   15    3    4
   25    0   31    5   15  115    2    6    3    4
   25    0   31    5   15  115    2    9    3    4
[81]
   60   15    0    6 6300   30   80   10    0    0
    0   12   20   10    5  110    0    8    3    3
    6   12   20   10    5  120    0    6    2    5
   12   20   12    8    5  100    0    8    3   13
    6   20   12    8    5  127    0    8    3   15
